Tile No,Receiver 1,Receiver 2,Receiver 3,Human Status
1,-37,-42,-34,0
1,-37,-42,-32,0
1,-37,-42,-32,0
1,-36,-41,-34,0
1,-39,-42,-35,0
1,-37,-42,-31,0
1,-37,-41,-32,0
1,-38,-42,-34,0
1,-37,-42,-34,0
1,-37,-42,-32,0
1,-37,-42,-32,0
1,-37,-42,-35,0
1,-37,-41,-32,0
1,-37,-42,-32,0
1,-37,-41,-32,0
1,-37,-43,-32,0
1,-37,-41,-32,0
1,-37,-43,-32,0
1,-37,-41,-32,0
1,-37,-43,-32,0
1,-37,-42,-32,0
1,-37,-42,-34,0
1,-37,-43,-32,0
1,-37,-42,-34,0
1,-38,-42,-32,0
1,-37,-41,-34,0
1,-37,-42,-35,0
1,-37,-42,-34,0
1,-37,-42,-34,0
1,-37,-42,-35,0
1,-37,-41,-34,0
1,-37,-41,-34,0
1,-37,-42,-35,0
1,-38,-41,-34,0
1,-37,-41,-32,0
1,-37,-41,-32,0
1,-37,-41,-32,0
1,-38,-43,-33,0
1,-38,-41,-32,0
1,-37,-41,-31,0
1,-37,-41,-32,0
1,-37,-41,-31,0
1,-37,-41,-34,0
1,-37,-41,-34,0
1,-37,-41,-31,0
1,-37,-42,-32,0
1,-37,-41,-31,0
1,-37,-41,-35,0
1,-37,-41,-32,0
1,-37,-42,-34,0
1,-38,-41,-32,0
1,-37,-41,-32,0
1,-37,-41,-34,0
1,-37,-42,-32,0
1,-37,-41,-32,0
1,-37,-41,-32,0
1,-37,-41,-34,0
1,-37,-41,-32,0
1,-38,-41,-34,0
2,-37,-41,-31,0
2,-37,-42,-32,0
2,-37,-41,-34,0
2,-37,-41,-32,0
2,-37,-42,-35,0
2,-37,-41,-32,0
2,-37,-41,-34,0
2,-37,-41,-32,0
2,-36,-41,-32,0
2,-37,-41,-34,0
2,-37,-41,-34,0
2,-37,-41,-32,0
2,-38,-41,-32,0
2,-38,-42,-32,0
2,-38,-41,-32,0
2,-37,-41,-34,0
2,-38,-41,-32,0
2,-37,-41,-31,0
2,-38,-42,-32,0
2,-37,-42,-34,0
2,-37,-42,-31,0
2,-38,-42,-32,0
2,-38,-42,-34,0
2,-38,-42,-31,0
2,-37,-41,-34,0
2,-37,-42,-32,0
2,-37,-42,-34,0
2,-37,-42,-34,0
2,-38,-42,-32,0
2,-37,-41,-32,0
2,-37,-42,-34,0
2,-37,-42,-32,0
2,-37,-42,-32,0
2,-37,-42,-32,0
2,-37,-42,-32,0
2,-37,-42,-34,0
2,-37,-42,-32,0
2,-37,-42,-34,0
2,-38,-42,-32,0
2,-37,-42,-32,0
2,-37,-43,-32,0
2,-37,-42,-32,0
2,-38,-42,-34,0
2,-37,-43,-34,0
2,-38,-42,-32,0
2,-38,-42,-32,0
2,-37,-43,-32,0
2,-37,-42,-34,0
2,-37,-42,-34,0
2,-37,-42,-34,0
2,-38,-43,-34,0
2,-37,-43,-32,0
2,-38,-42,-32,0
2,-37,-42,-32,0
2,-38,-42,-32,0
2,-38,-43,-32,0
2,-37,-42,-32,0
2,-38,-43,-32,0
2,-37,-42,-32,0
2,-38,-42,-34,0
2,-37,-43,-32,0
2,-37,-42,-34,0
2,-38,-42,-32,0
2,-37,-42,-32,0
2,-37,-43,-32,0
2,-37,-42,-32,0
2,-37,-42,-32,0
2,-37,-42,-34,0
2,-38,-42,-32,0
2,-37,-42,-32,0
3,-37,-42,-31,0
3,-37,-42,-32,0
3,-38,-41,-31,0
3,-38,-42,-34,0
3,-38,-42,-31,0
3,-37,-42,-31,0
3,-37,-42,-32,0
3,-37,-42,-32,0
3,-37,-42,-34,0
3,-37,-42,-34,0
3,-37,-42,-32,0
3,-37,-42,-35,0
3,-38,-42,-34,0
3,-37,-42,-34,0
3,-37,-42,-32,0
3,-37,-42,-32,0
3,-37,-43,-35,0
3,-37,-42,-34,0
3,-37,-42,-32,0
3,-38,-42,-34,0
3,-37,-42,-32,0
3,-37,-42,-32,0
3,-38,-42,-32,0
3,-37,-42,-32,0
3,-37,-42,-32,0
3,-37,-42,-35,0
3,-38,-42,-32,0
3,-37,-42,-32,0
3,-37,-42,-32,0
3,-38,-42,-32,0
3,-37,-42,-32,0
3,-37,-42,-32,0
3,-37,-42,-32,0
3,-38,-42,-32,0
3,-37,-42,-32,0
3,-37,-42,-32,0
3,-37,-42,-35,0
3,-38,-42,-32,0
3,-37,-42,-32,0
3,-37,-42,-34,0
3,-38,-42,-34,0
3,-37,-42,-32,0
3,-37,-42,-32,0
3,-38,-42,-32,0
3,-38,-42,-32,0
3,-37,-43,-32,0
3,-38,-42,-32,0
3,-37,-42,-35,0
3,-37,-42,-32,0
3,-37,-42,-32,0
3,-38,-42,-32,0
3,-37,-42,-34,0
3,-37,-42,-32,0
3,-37,-42,-34,0
3,-37,-42,-32,0
3,-37,-42,-35,0
3,-37,-42,-33,0
3,-37,-42,-32,0
4,-37,-42,-34,0
4,-36,-42,-34,0
4,-37,-43,-32,0
4,-38,-42,-34,0
4,-37,-42,-32,0
4,-37,-42,-32,0
4,-37,-42,-31,0
4,-37,-42,-32,0
4,-37,-42,-32,0
4,-37,-42,-32,0
4,-37,-42,-34,0
4,-37,-42,-32,0
4,-37,-42,-34,0
4,-37,-42,-32,0
4,-37,-42,-32,0
4,-37,-42,-32,0
4,-37,-42,-34,0
4,-37,-42,-32,0
4,-37,-42,-32,0
4,-37,-43,-31,0
4,-37,-42,-31,0
4,-37,-42,-32,0
4,-37,-42,-32,0
4,-36,-42,-32,0
4,-37,-42,-32,0
4,-38,-42,-32,0
4,-37,-42,-32,0
4,-37,-43,-32,0
4,-37,-42,-31,0
4,-37,-43,-32,0
4,-38,-42,-32,0
4,-37,-42,-34,0
4,-37,-42,-32,0
4,-37,-42,-34,0
4,-37,-42,-34,0
4,-37,-42,-32,0
4,-37,-42,-32,0
4,-37,-42,-34,0
4,-37,-42,-34,0
4,-38,-41,-32,0
4,-37,-42,-32,0
4,-37,-42,-32,0
4,-37,-42,-32,0
4,-37,-42,-32,0
4,-37,-42,-34,0
4,-37,-42,-32,0
4,-37,-42,-32,0
4,-37,-42,-32,0
4,-37,-42,-32,0
4,-37,-42,-34,0
4,-37,-42,-32,0
4,-36,-42,-34,0
4,-37,-42,-32,0
4,-37,-42,-34,0
4,-37,-42,-32,0
4,-37,-42,-32,0
4,-37,-41,-32,0
4,-37,-42,-32,0
4,-37,-42,-35,0
4,-37,-42,-32,0
4,-37,-42,-34,0
4,-37,-41,-32,0
4,-37,-42,-33,0
4,-37,-42,-32,0
4,-37,-42,-35,0
4,-37,-42,-34,0
4,-37,-41,-32,0
4,-38,-43,-32,0
4,-37,-42,-32,0
4,-37,-42,-32,0
4,-37,-42,-32,0
5,-36,-42,-34,0
5,-37,-42,-34,0
5,-37,-42,-32,0
5,-37,-42,-34,0
5,-38,-42,-32,0
5,-37,-42,-32,0
5,-37,-42,-34,0
5,-37,-42,-32,0
5,-37,-42,-34,0
5,-38,-42,-32,0
5,-37,-41,-32,0
5,-37,-41,-32,0
5,-37,-41,-34,0
5,-37,-42,-34,0
5,-37,-41,-32,0
5,-37,-42,-34,0
5,-37,-42,-34,0
5,-37,-42,-32,0
5,-37,-42,-32,0
5,-37,-42,-32,0
5,-38,-42,-32,0
5,-37,-41,-31,0
5,-37,-42,-35,0
5,-37,-41,-32,0
5,-37,-42,-34,0
5,-37,-42,-34,0
5,-37,-42,-32,0
5,-37,-42,-32,0
5,-37,-42,-32,0
5,-37,-42,-34,0
5,-38,-42,-32,0
5,-38,-42,-34,0
5,-37,-42,-34,0
5,-37,-42,-32,0
5,-37,-42,-34,0
5,-38,-42,-32,0
5,-37,-42,-35,0
5,-37,-42,-34,0
5,-37,-41,-34,0
5,-38,-41,-35,0
5,-37,-42,-34,0
5,-37,-42,-32,0
5,-37,-42,-34,0
5,-38,-42,-34,0
5,-38,-42,-32,0
5,-38,-42,-32,0
5,-37,-42,-31,0
5,-37,-42,-34,0
5,-37,-40,-32,0
5,-37,-41,-31,0
5,-38,-41,-32,0
5,-38,-42,-34,0
5,-38,-42,-31,0
5,-37,-43,-32,0
5,-38,-41,-31,0
5,-36,-42,-34,0
5,-38,-42,-32,0
5,-38,-42,-31,0
5,-38,-40,-32,0
5,-37,-42,-34,0
5,-37,-43,-34,0
5,-38,-43,-32,0
5,-38,-42,-34,0
5,-38,-42,-34,0
5,-37,-42,-34,0
6,-37,-42,-31,0
6,-37,-42,-34,0
6,-37,-42,-32,0
6,-38,-41,-34,0
6,-37,-42,-31,0
6,-38,-42,-32,0
6,-37,-41,-32,0
6,-37,-42,-35,0
6,-37,-42,-31,0
6,-37,-42,-32,0
6,-37,-42,-31,0
6,-37,-41,-34,0
6,-38,-41,-34,0
6,-37,-42,-34,0
6,-37,-42,-32,0
6,-37,-42,-32,0
6,-38,-41,-34,0
6,-37,-41,-34,0
6,-37,-41,-34,0
6,-37,-41,-34,0
6,-37,-42,-34,0
6,-37,-41,-34,0
6,-37,-42,-34,0
6,-37,-42,-34,0
6,-37,-42,-34,0
6,-38,-42,-31,0
6,-37,-41,-32,0
6,-38,-42,-31,0
6,-38,-42,-31,0
6,-38,-41,-34,0
6,-37,-42,-34,0
6,-37,-42,-31,0
6,-37,-42,-32,0
6,-37,-41,-34,0
6,-37,-41,-32,0
6,-38,-42,-31,0
6,-37,-42,-32,0
6,-37,-42,-34,0
6,-37,-42,-31,0
6,-37,-42,-31,0
6,-37,-42,-32,0
6,-37,-42,-34,0
6,-37,-42,-32,0
6,-37,-42,-32,0
6,-37,-42,-31,0
6,-37,-42,-32,0
6,-37,-42,-34,0
6,-38,-42,-32,0
6,-37,-42,-31,0
6,-37,-42,-34,0
6,-37,-42,-31,0
6,-38,-43,-31,0
6,-37,-42,-31,0
6,-37,-42,-33,0
6,-37,-43,-34,0
6,-37,-43,-32,0
6,-38,-43,-31,0
6,-37,-42,-32,0
6,-38,-43,-31,0
6,-38,-44,-32,0
6,-38,-44,-31,0
6,-38,-45,-31,0
6,-37,-43,-32,0
6,-37,-42,-34,0
6,-38,-43,-31,0
6,-37,-43,-34,0
6,-38,-43,-34,0
6,-37,-43,-34,0
6,-37,-44,-32,0
6,-37,-44,-34,0
6,-37,-44,-31,0
7,-37,-44,-34,0
7,-37,-43,-31,0
7,-38,-44,-35,0
7,-38,-44,-32,0
7,-38,-44,-32,0
7,-37,-43,-31,0
7,-38,-43,-34,0
7,-38,-44,-32,0
7,-37,-43,-34,0
7,-38,-44,-34,0
7,-37,-44,-32,0
7,-38,-44,-34,0
7,-38,-43,-34,0
7,-37,-43,-31,0
7,-38,-43,-34,0
7,-38,-43,-34,0
7,-38,-43,-34,0
7,-38,-44,-31,0
7,-37,-44,-32,0
7,-37,-43,-32,0
7,-37,-44,-32,0
7,-38,-44,-31,0
7,-37,-43,-34,0
7,-37,-44,-32,0
7,-38,-44,-34,0
7,-37,-44,-31,0
7,-37,-43,-31,0
7,-38,-44,-32,0
7,-37,-44,-31,0
7,-37,-44,-34,0
7,-37,-44,-34,0
7,-37,-44,-32,0
7,-37,-44,-34,0
7,-37,-44,-32,0
7,-38,-43,-32,0
7,-38,-43,-32,0
7,-37,-43,-32,0
7,-37,-43,-32,0
7,-38,-43,-34,0
7,-38,-44,-34,0
7,-37,-44,-34,0
7,-37,-44,-32,0
7,-38,-44,-34,0
7,-38,-44,-34,0
7,-38,-43,-32,0
7,-38,-44,-32,0
7,-37,-44,-31,0
7,-38,-44,-31,0
7,-38,-44,-31,0
7,-37,-44,-31,0
7,-37,-44,-31,0
7,-38,-44,-32,0
7,-38,-44,-31,0
7,-38,-44,-34,0
7,-37,-44,-33,0
7,-37,-44,-34,0
7,-37,-44,-32,0
7,-37,-44,-32,0
7,-37,-44,-34,0
7,-37,-44,-34,0
7,-38,-44,-32,0
7,-37,-44,-34,0
7,-38,-44,-32,0
7,-37,-44,-34,0
7,-38,-44,-32,0
7,-37,-44,-32,0
7,-38,-43,-31,0
7,-37,-44,-32,0
7,-38,-43,-31,0
7,-37,-43,-34,0
7,-39,-44,-34,0
7,-37,-44,-32,0
8,-37,-42,-32,0
8,-37,-43,-32,0
8,-37,-42,-32,0
8,-37,-42,-32,0
8,-37,-43,-34,0
8,-37,-42,-32,0
8,-37,-42,-34,0
8,-37,-42,-32,0
8,-37,-42,-34,0
8,-37,-42,-31,0
8,-37,-42,-31,0
8,-37,-42,-32,0
8,-37,-42,-31,0
8,-38,-42,-31,0
8,-37,-42,-32,0
8,-37,-42,-31,0
8,-37,-43,-32,0
8,-37,-42,-32,0
8,-37,-42,-31,0
8,-37,-42,-34,0
8,-38,-42,-31,0
8,-37,-42,-34,0
8,-37,-42,-32,0
8,-37,-42,-34,0
8,-37,-42,-31,0
8,-37,-42,-32,0
8,-37,-42,-32,0
8,-37,-42,-34,0
8,-37,-42,-31,0
8,-37,-42,-31,0
8,-37,-43,-34,0
8,-37,-43,-34,0
8,-37,-43,-31,0
8,-37,-43,-31,0
8,-37,-43,-34,0
8,-37,-43,-32,0
8,-37,-43,-34,0
8,-37,-43,-32,0
8,-37,-43,-34,0
8,-37,-43,-31,0
8,-37,-43,-32,0
8,-38,-43,-31,0
8,-37,-42,-31,0
8,-37,-43,-33,0
8,-37,-43,-31,0
8,-38,-42,-31,0
8,-37,-42,-32,0
8,-37,-42,-34,0
8,-38,-42,-34,0
8,-37,-43,-31,0
8,-37,-42,-31,0
8,-37,-42,-34,0
8,-37,-42,-34,0
8,-37,-42,-31,0
8,-37,-43,-34,0
8,-37,-43,-32,0
8,-37,-43,-31,0
8,-37,-42,-32,0
8,-37,-43,-32,0
8,-37,-42,-34,0
8,-37,-42,-34,0
8,-37,-43,-34,0
8,-37,-43,-31,0
8,-37,-43,-34,0
8,-37,-43,-31,0
8,-37,-42,-34,0
8,-37,-43,-34,0
8,-38,-43,-34,0
8,-37,-42,-31,0
8,-37,-43,-34,0
8,-38,-42,-31,0
9,-37,-42,-31,0
9,-37,-43,-34,0
9,-37,-42,-32,0
9,-37,-42,-34,0
9,-37,-42,-32,0
9,-38,-42,-32,0
9,-37,-41,-34,0
9,-37,-42,-31,0
9,-38,-42,-31,0
9,-37,-42,-32,0
9,-38,-42,-31,0
9,-38,-42,-34,0
9,-38,-42,-31,0
9,-38,-42,-34,0
9,-37,-41,-31,0
9,-37,-42,-31,0
9,-37,-42,-34,0
9,-37,-42,-31,0
9,-38,-42,-31,0
9,-37,-42,-32,0
9,-37,-42,-34,0
9,-38,-45,-34,0
9,-37,-42,-31,0
9,-37,-42,-31,0
9,-37,-42,-34,0
9,-37,-42,-34,0
9,-38,-42,-31,0
9,-37,-42,-32,0
9,-37,-42,-32,0
9,-37,-42,-34,0
9,-37,-42,-34,0
9,-38,-42,-32,0
9,-37,-42,-31,0
9,-37,-42,-31,0
9,-38,-42,-34,0
9,-37,-42,-31,0
9,-37,-42,-32,0
9,-37,-42,-31,0
9,-38,-42,-34,0
9,-37,-42,-32,0
9,-37,-42,-31,0
9,-37,-42,-31,0
9,-37,-42,-34,0
9,-37,-42,-31,0
9,-38,-43,-34,0
9,-37,-43,-32,0
9,-37,-43,-34,0
9,-37,-42,-34,0
9,-37,-42,-34,0
9,-37,-42,-31,0
9,-37,-42,-31,0
9,-37,-42,-34,0
9,-37,-42,-34,0
9,-37,-43,-32,0
9,-38,-43,-34,0
9,-37,-42,-32,0
9,-37,-43,-34,0
9,-38,-43,-32,0
9,-37,-42,-34,0
9,-37,-43,-34,0
9,-38,-43,-34,0
9,-37,-43,-31,0
9,-38,-43,-31,0
9,-38,-43,-34,0
9,-37,-43,-34,0
10,-37,-42,-31,0
10,-37,-43,-31,0
10,-38,-43,-31,0
10,-37,-42,-31,0
10,-38,-42,-31,0
10,-37,-43,-34,0
10,-37,-43,-32,0
10,-37,-42,-31,0
10,-37,-42,-31,0
10,-38,-43,-31,0
10,-37,-43,-33,0
10,-37,-42,-32,0
10,-37,-43,-31,0
10,-37,-42,-34,0
10,-37,-43,-31,0
10,-37,-43,-31,0
10,-37,-43,-34,0
10,-37,-42,-33,0
10,-37,-43,-34,0
10,-37,-42,-34,0
10,-36,-43,-31,0
10,-37,-43,-33,0
10,-37,-43,-31,0
10,-37,-43,-32,0
10,-37,-43,-31,0
10,-38,-43,-31,0
10,-38,-43,-32,0
