Tile No,Receiver 1,Receiver 2,Receiver 3,Human Status
1,-39,-32,-37,2
1,-37,-37,-38,2
1,-37,-35,-37,2
1,-37,-32,-38,2
1,-38,-35,-37,2
1,-37,-32,-42,2
1,-38,-32,-36,2
1,-37,-35,-38,2
1,-38,-34,-36,2
1,-35,-36,-37,2
1,-41,-35,-38,2
1,-43,-36,-37,2
1,-47,-35,-38,2
1,-41,-35,-38,2
1,-37,-35,-37,2
1,-37,-31,-38,2
1,-37,-34,-37,2
1,-37,-34,-37,2
1,-38,-35,-48,2
1,-37,-32,-43,2
1,-37,-35,-36,2
1,-37,-32,-37,2
1,-37,-37,-36,2
1,-35,-34,-37,2
1,-41,-35,-37,2
1,-41,-33,-37,2
1,-37,-36,-38,2
1,-36,-37,-38,2
1,-36,-32,-37,2
1,-39,-35,-37,2
1,-36,-32,-52,2
1,-37,-34,-52,2
1,-38,-32,-38,2
1,-37,-37,-38,2
1,-35,-35,-37,2
1,-38,-35,-37,2
1,-39,-35,-38,2
1,-36,-36,-38,2
1,-32,-31,-38,2
1,-39,-35,-38,2
1,-37,-34,-38,2
1,-35,-35,-37,2
1,-37,-34,-37,2
1,-37,-32,-38,2
1,-42,-35,-37,2
1,-32,-35,-37,2
1,-44,-35,-38,2
1,-38,-35,-37,2
1,-38,-35,-37,2
1,-42,-36,-37,2
1,-42,-35,-37,2
1,-36,-35,-38,2
1,-36,-35,-38,2
1,-38,-36,-36,2
1,-36,-43,-39,2
2,-35,-35,-37,2
2,-38,-32,-37,2
2,-36,-35,-38,2
2,-36,-36,-37,2
2,-37,-39,-38,2
2,-36,-35,-37,2
2,-38,-34,-37,2
2,-38,-32,-41,2
2,-38,-37,-38,2
2,-37,-34,-44,2
2,-38,-35,-52,2
2,-37,-31,-36,2
2,-37,-34,-36,2
2,-37,-35,-36,2
2,-36,-32,-37,2
2,-42,-37,-36,2
2,-38,-31,-36,2
2,-37,-37,-37,2
2,-36,-34,-36,2
2,-37,-35,-37,2
2,-37,-34,-36,2
2,-37,-35,-35,2
2,-39,-36,-36,2
2,-35,-34,-36,2
2,-42,-32,-36,2
2,-41,-35,-37,2
2,-32,-36,-36,2
2,-35,-34,-36,2
2,-42,-34,-37,2
2,-40,-35,-37,2
2,-38,-32,-36,2
2,-42,-37,-35,2
2,-35,-35,-36,2
2,-36,-35,-37,2
2,-40,-35,-36,2
2,-38,-39,-37,2
2,-37,-36,-37,2
2,-38,-38,-35,2
2,-36,-36,-36,2
2,-39,-32,-36,2
2,-38,-37,-36,2
2,-38,-35,-37,2
2,-38,-35,-43,2
2,-38,-37,-45,2
2,-37,-35,-36,2
2,-37,-35,-37,2
2,-37,-39,-37,2
2,-32,-35,-36,2
2,-40,-35,-37,2
2,-38,-35,-37,2
2,-36,-35,-36,2
2,-37,-35,-36,2
2,-37,-39,-37,2
2,-37,-35,-36,2
2,-38,-35,-48,2
2,-37,-35,-40,2
2,-38,-36,-36,2
2,-38,-35,-37,2
2,-39,-35,-36,2
2,-36,-36,-36,2
2,-38,-35,-36,2
2,-35,-34,-36,2
2,-35,-37,-36,2
2,-37,-37,-37,2
2,-38,-36,-36,2
2,-36,-35,-36,2
3,-37,-35,-38,2
3,-38,-34,-37,2
3,-37,-36,-36,2
3,-37,-36,-44,2
3,-38,-35,-39,2
3,-38,-35,-37,2
3,-37,-35,-36,2
3,-37,-39,-37,2
3,-37,-36,-36,2
3,-49,-35,-36,2
3,-41,-34,-38,2
3,-46,-37,-36,2
3,-38,-35,-37,2
3,-37,-35,-36,2
3,-37,-38,-37,2
3,-38,-35,-37,2
3,-37,-35,-42,2
3,-38,-34,-40,2
3,-39,-35,-47,2
3,-38,-36,-37,2
3,-37,-35,-37,2
3,-37,-33,-37,2
3,-38,-37,-36,2
3,-36,-34,-37,2
3,-43,-37,-36,2
3,-50,-38,-36,2
3,-37,-32,-36,2
3,-37,-35,-36,2
3,-40,-36,-35,2
3,-38,-35,-37,2
3,-38,-34,-36,2
3,-38,-35,-36,2
3,-38,-36,-42,2
3,-39,-36,-38,2
3,-39,-36,-38,2
3,-38,-35,-38,2
3,-37,-35,-37,2
3,-38,-39,-35,2
3,-43,-34,-37,2
3,-47,-38,-37,2
3,-40,-34,-37,2
3,-38,-36,-38,2
3,-37,-36,-38,2
3,-38,-35,-39,2
3,-38,-35,-38,2
3,-38,-35,-37,2
3,-38,-35,-38,2
3,-37,-36,-37,2
3,-42,-32,-38,2
3,-50,-36,-39,2
3,-44,-35,-37,2
3,-39,-35,-37,2
3,-36,-35,-36,2
3,-39,-35,-37,2
3,-36,-36,-37,2
3,-36,-36,-37,2
3,-36,-38,-37,2
3,-39,-36,-38,2
3,-38,-35,-45,2
3,-39,-35,-37,2
3,-38,-35,-44,2
3,-39,-36,-38,2
3,-38,-34,-36,2
3,-38,-39,-36,2
3,-38,-33,-37,2
3,-35,-35,-37,2
3,-40,-35,-37,2
3,-40,-37,-37,2
3,-40,-36,-36,2
3,-39,-35,-37,2
4,-38,-35,-37,2
4,-38,-34,-37,2
4,-38,-35,-36,2
4,-38,-39,-37,2
4,-37,-35,-38,2
4,-42,-38,-38,2
4,-43,-36,-38,2
4,-41,-35,-37,2
4,-37,-35,-38,2
4,-38,-34,-37,2
4,-38,-35,-38,2
4,-38,-35,-41,2
4,-39,-35,-43,2
4,-38,-35,-36,2
4,-38,-35,-36,2
4,-39,-35,-37,2
4,-37,-41,-36,2
4,-35,-35,-37,2
4,-46,-37,-37,2
4,-44,-37,-38,2
4,-38,-36,-37,2
4,-36,-38,-36,2
4,-38,-36,-36,2
4,-38,-35,-38,2
4,-38,-35,-42,2
4,-38,-35,-44,2
4,-39,-38,-31,2
4,-38,-36,-48,2
4,-38,-34,-37,2
4,-39,-34,-36,2
4,-36,-40,-36,2
4,-38,-35,-36,2
4,-39,-37,-37,2
4,-39,-35,-37,2
4,-41,-35,-36,2
4,-37,-38,-37,2
4,-38,-32,-37,2
4,-38,-34,-37,2
4,-38,-35,-37,2
4,-38,-36,-36,2
4,-38,-35,-37,2
4,-37,-40,-37,2
4,-39,-36,-36,2
4,-36,-35,-35,2
4,-37,-35,-37,2
4,-38,-36,-36,2
4,-39,-35,-36,2
4,-40,-35,-37,2
4,-32,-35,-37,2
4,-38,-37,-38,2
4,-42,-37,-37,2
4,-37,-36,-36,2
4,-39,-41,-37,2
4,-38,-34,-37,2
4,-38,-36,-44,2
4,-37,-36,-37,2
4,-37,-36,-37,2
4,-38,-35,-36,2
4,-37,-35,-36,2
4,-41,-35,-37,2
4,-41,-35,-37,2
4,-32,-33,-37,2
4,-40,-36,-37,2
4,-38,-35,-38,2
4,-39,-38,-37,2
4,-37,-36,-37,2
4,-37,-33,-36,2
4,-38,-34,-41,2
4,-35,-36,-42,2
4,-37,-36,-42,2
5,-38,-35,-37,2
5,-38,-35,-37,2
5,-37,-35,-37,2
5,-37,-39,-36,2
5,-35,-34,-37,2
5,-37,-35,-37,2
5,-41,-33,-37,2
5,-36,-38,-38,2
5,-38,-39,-37,2
5,-38,-36,-37,2
5,-37,-35,-37,2
5,-37,-34,-37,2
5,-38,-35,-37,2
5,-38,-35,-43,2
5,-40,-34,-35,2
5,-38,-34,-42,2
5,-38,-35,-36,2
5,-38,-36,-36,2
5,-37,-35,-36,2
5,-38,-35,-37,2
5,-35,-32,-36,2
5,-50,-37,-36,2
5,-38,-35,-36,2
5,-37,-36,-36,2
5,-38,-38,-35,2
5,-37,-35,-36,2
5,-37,-35,-35,2
5,-38,-36,-40,2
5,-38,-35,-36,2
5,-38,-36,-36,2
5,-38,-34,-37,2
5,-37,-36,-38,2
5,-39,-34,-51,2
5,-39,-35,-36,2
5,-37,-32,-36,2
5,-37,-35,-37,2
5,-38,-39,-36,2
5,-38,-36,-35,2
5,-38,-35,-36,2
5,-36,-35,-36,2
5,-35,-34,-36,2
5,-31,-35,-36,2
5,-36,-36,-36,2
5,-38,-32,-37,2
5,-38,-32,-35,2
5,-38,-36,-48,2
5,-37,-32,-37,2
5,-37,-35,-42,2
5,-38,-35,-36,2
5,-38,-35,-37,2
5,-37,-35,-35,2
5,-38,-36,-36,2
5,-40,-35,-36,2
5,-38,-35,-36,2
5,-36,-37,-36,2
5,-38,-38,-36,2
5,-38,-35,-36,2
5,-45,-38,-36,2
5,-40,-35,-36,2
5,-36,-36,-36,2
5,-38,-39,-36,2
5,-37,-35,-36,2
5,-37,-35,-39,2
5,-37,-35,-44,2
5,-38,-36,-32,2
5,-37,-35,-36,2
5,-37,-35,-36,2
5,-37,-40,-36,2
5,-35,-35,-36,2
5,-35,-36,-36,2
6,-36,-36,-39,2
6,-38,-36,-36,2
6,-38,-35,-37,2
6,-38,-34,-37,2
6,-39,-41,-36,2
6,-38,-36,-37,2
6,-41,-36,-36,2
6,-40,-36,-38,2
6,-39,-35,-37,2
6,-38,-36,-36,2
6,-37,-37,-36,2
6,-37,-38,-36,2
6,-37,-40,-37,2
6,-38,-35,-37,2
6,-39,-35,-37,2
6,-38,-34,-36,2
6,-38,-34,-36,2
6,-37,-35,-52,2
6,-38,-35,-35,2
6,-38,-37,-40,2
6,-38,-34,-37,2
6,-39,-34,-36,2
6,-37,-40,-37,2
6,-37,-35,-38,2
6,-39,-37,-37,2
6,-42,-34,-37,2
6,-40,-34,-36,2
6,-38,-36,-36,2
6,-37,-35,-37,2
6,-38,-34,-36,2
6,-38,-35,-37,2
6,-37,-34,-36,2
6,-39,-34,-35,2
6,-37,-40,-36,2
6,-38,-36,-36,2
6,-40,-35,-36,2
6,-42,-35,-36,2
6,-37,-38,-36,2
6,-37,-41,-36,2
6,-36,-34,-36,2
6,-38,-35,-38,2
6,-38,-35,-40,2
6,-38,-35,-39,2
6,-38,-34,-42,2
6,-39,-35,-42,2
6,-37,-35,-38,2
6,-37,-35,-37,2
6,-37,-35,-36,2
6,-37,-36,-38,2
6,-32,-35,-36,2
6,-42,-35,-36,2
6,-44,-37,-36,2
6,-37,-35,-35,2
6,-38,-36,-36,2
6,-38,-36,-37,2
6,-37,-38,-36,2
6,-38,-35,-37,2
6,-38,-35,-36,2
6,-38,-34,-36,2
6,-38,-34,-36,2
6,-37,-35,-36,2
6,-37,-36,-40,2
6,-40,-34,-47,2
6,-37,-35,-37,2
6,-37,-34,-37,2
6,-37,-39,-36,2
6,-35,-35,-36,2
6,-33,-32,-37,2
6,-41,-35,-36,2
6,-43,-32,-38,2
6,-38,-36,-36,2
