Tile No,Receiver 1,Receiver 2,Receiver 3,Human Status
1,-39,-32,-37,2
1,-40,-36,-36,2
1,-42,-35,-36,2
1,-42,-36,-36,2
1,-42,-35,-36,2
1,-42,-36,-36,2
1,-42,-35,-36,2
1,-36,-35,-35,2
1,-37,-40,-37,2
1,-36,-36,-35,2
1,-37,-36,-36,2
1,-36,-35,-40,2
1,-40,-39,-36,2
1,-36,-35,-40,2
1,-36,-36,-36,2
1,-36,-35,-35,2
1,-52,-32,-37,2
1,-36,-35,-36,2
1,-36,-31,-37,2
1,-35,-35,-37,2
1,-38,-32,-36,2
1,-44,-35,-37,2
1,-38,-35,-36,2
1,-39,-32,-35,2
1,-40,-36,-35,2
1,-42,-36,-37,2
1,-44,-36,-36,2
1,-40,-32,-36,2
1,-35,-36,-36,2
1,-36,-35,-36,2
1,-37,-35,-37,2
1,-37,-36,-42,2
1,-37,-35,-48,2
1,-37,-35,-36,2
1,-37,-36,-37,2
1,-35,-35,-37,2
1,-43,-35,-38,2
1,-38,-35,-37,2
1,-35,-36,-37,2
1,-38,-37,-37,2
1,-38,-34,-37,2
1,-36,-41,-36,2
1,-38,-36,-37,2
1,-37,-36,-37,2
1,-37,-36,-37,2
1,-37,-36,-44,2
1,-39,-35,-42,2
1,-37,-35,-35,2
1,-36,-35,-36,2
1,-37,-36,-37,2
1,-35,-35,-36,2
1,-38,-37,-37,2
1,-38,-36,-37,2
1,-41,-34,-37,2
1,-35,-38,-36,2
1,-37,-33,-37,2
1,-36,-34,-37,2
1,-37,-35,-36,2
1,-36,-35,-38,2
1,-37,-35,-42,2
1,-37,-35,-36,2
1,-36,-32,-37,2
1,-35,-35,-36,2
1,-37,-37,-36,2
1,-39,-36,-36,2
1,-44,-36,-37,2
1,-40,-37,-37,2
1,-38,-37,-37,2
1,-32,-36,-36,2
1,-39,-32,-37,2
2,-37,-32,-36,2
2,-36,-34,-37,2
2,-38,-35,-37,2
2,-37,-35,-37,2
2,-36,-35,-41,2
2,-37,-35,-35,2
2,-36,-40,-37,2
2,-35,-35,-37,2
2,-41,-36,-37,2
2,-41,-36,-37,2
2,-36,-34,-37,2
2,-37,-34,-37,2
2,-35,-32,-37,2
2,-35,-34,-38,2
2,-31,-36,-38,2
2,-41,-35,-36,2
2,-40,-37,-37,2
2,-39,-35,-37,2
2,-38,-35,-36,2
2,-36,-35,-35,2
2,-35,-35,-36,2
2,-36,-35,-38,2
2,-36,-35,-42,2
2,-37,-38,-47,2
2,-35,-38,-39,2
2,-37,-35,-38,2
2,-35,-35,-37,2
2,-37,-32,-36,2
2,-35,-36,-37,2
2,-39,-34,-37,2
2,-39,-35,-37,2
2,-37,-36,-35,2
2,-36,-35,-38,2
2,-36,-36,-36,2
2,-36,-35,-37,2
2,-37,-36,-37,2
2,-37,-35,-38,2
2,-36,-35,-36,2
2,-36,-36,-37,2
2,-35,-37,-37,2
2,-43,-35,-36,2
2,-36,-35,-38,2
2,-36,-36,-36,2
2,-36,-34,-36,2
2,-36,-36,-37,2
2,-36,-36,-37,2
2,-36,-35,-39,2
2,-35,-35,-36,2
2,-37,-37,-44,2
2,-36,-34,-36,2
2,-35,-40,-37,2
2,-36,-35,-36,2
2,-40,-36,-36,2
2,-43,-37,-36,2
2,-40,-35,-37,2
2,-36,-35,-37,2
2,-36,-35,-38,2
2,-31,-33,-38,2
2,-32,-35,-37,2
2,-32,-34,-39,2
2,-56,-36,-36,2
2,-40,-35,-37,2
2,-38,-36,-37,2
2,-44,-35,-37,2
2,-40,-34,-36,2
2,-43,-36,-37,2
2,-37,-35,-37,2
2,-38,-34,-36,2
3,-40,-34,-36,2
3,-40,-34,-36,2
3,-37,-36,-36,2
3,-37,-39,-36,2
3,-38,-36,-36,2
3,-36,-34,-37,2
3,-36,-35,-35,2
3,-37,-35,-43,2
3,-38,-32,-43,2
3,-37,-34,-39,2
3,-36,-35,-37,2
3,-35,-34,-35,2
3,-35,-34,-36,2
3,-36,-37,-36,2
3,-40,-35,-36,2
3,-38,-36,-36,2
3,-37,-32,-36,2
3,-36,-34,-36,2
3,-37,-35,-36,2
3,-37,-34,-37,2
3,-37,-35,-36,2
3,-36,-36,-46,2
3,-37,-32,-37,2
3,-37,-35,-37,2
3,-37,-35,-36,2
3,-36,-41,-36,2
3,-40,-36,-37,2
3,-40,-36,-37,2
3,-38,-35,-36,2
3,-38,-37,-36,2
3,-37,-36,-36,2
3,-37,-36,-36,2
3,-36,-37,-36,2
3,-36,-40,-37,2
3,-37,-34,-36,2
3,-37,-32,-36,2
3,-36,-35,-37,2
3,-37,-34,-36,2
3,-37,-35,-41,2
3,-36,-35,-42,2
3,-37,-34,-48,2
3,-37,-35,-35,2
3,-35,-36,-37,2
3,-36,-35,-36,2
3,-36,-37,-36,2
3,-41,-31,-35,2
3,-37,-36,-36,2
3,-39,-35,-36,2
3,-36,-35,-36,2
3,-37,-31,-38,2
3,-37,-32,-36,2
3,-36,-35,-36,2
3,-37,-34,-38,2
3,-37,-35,-40,2
3,-39,-35,-41,2
3,-37,-36,-36,2
3,-37,-35,-35,2
3,-37,-35,-38,2
3,-36,-35,-37,2
3,-36,-32,-36,2
3,-36,-32,-36,2
3,-37,-39,-35,2
3,-36,-35,-36,2
3,-40,-35,-36,2
3,-41,-36,-36,2
3,-48,-36,-37,2
3,-38,-36,-36,2
3,-37,-32,-37,2
3,-38,-38,-35,2
4,-36,-37,-36,2
4,-37,-35,-36,2
4,-39,-34,-36,2
4,-44,-37,-36,2
4,-40,-34,-37,2
4,-38,-35,-36,2
4,-39,-35,-36,2
4,-37,-36,-36,2
4,-37,-35,-36,2
4,-36,-35,-36,2
4,-37,-34,-37,2
4,-37,-35,-36,2
4,-37,-35,-36,2
4,-37,-35,-41,2
4,-38,-31,-39,2
4,-37,-32,-38,2
4,-36,-34,-36,2
4,-36,-32,-37,2
4,-37,-36,-35,2
4,-36,-36,-36,2
4,-37,-34,-36,2
4,-38,-37,-36,2
4,-38,-35,-37,2
4,-35,-35,-35,2
4,-35,-39,-37,2
4,-37,-31,-36,2
4,-36,-36,-36,2
4,-37,-35,-37,2
4,-37,-35,-36,2
4,-36,-35,-36,2
4,-37,-35,-37,2
4,-37,-32,-45,2
4,-37,-36,-41,2
4,-37,-35,-39,2
4,-37,-35,-37,2
4,-37,-35,-36,2
4,-37,-32,-38,2
4,-37,-39,-37,2
4,-39,-36,-36,2
4,-41,-35,-36,2
4,-40,-36,-36,2
4,-41,-36,-36,2
4,-37,-35,-38,2
4,-37,-38,-35,2
4,-36,-34,-35,2
4,-37,-35,-36,2
4,-37,-34,-38,2
4,-36,-35,-37,2
4,-37,-35,-41,2
4,-37,-35,-44,2
4,-37,-35,-42,2
4,-37,-35,-35,2
4,-37,-35,-36,2
4,-35,-35,-35,2
4,-35,-40,-35,2
4,-37,-37,-35,2
4,-38,-35,-36,2
4,-39,-38,-36,2
4,-40,-35,-35,2
4,-36,-36,-36,2
4,-37,-37,-35,2
4,-38,-35,-36,2
4,-37,-36,-36,2
4,-37,-34,-36,2
4,-37,-35,-37,2
4,-37,-35,-41,2
4,-38,-36,-31,2
4,-37,-35,-53,2
4,-37,-35,-36,2
5,-37,-32,-37,2
5,-37,-32,-46,2
5,-37,-36,-40,2
5,-36,-34,-35,2
5,-37,-41,-35,2
5,-40,-35,-36,2
5,-38,-38,-36,2
5,-35,-35,-36,2
5,-37,-35,-35,2
5,-37,-35,-35,2
5,-37,-36,-35,2
5,-37,-35,-37,2
5,-38,-35,-41,2
5,-36,-32,-34,2
5,-37,-36,-36,2
5,-38,-32,-35,2
5,-39,-35,-35,2
5,-38,-35,-36,2
5,-49,-32,-36,2
5,-43,-35,-36,2
5,-40,-35,-35,2
5,-35,-32,-36,2
5,-31,-33,-36,2
5,-38,-35,-37,2
5,-40,-37,-35,2
5,-39,-38,-36,2
5,-38,-36,-32,2
5,-41,-35,-35,2
5,-36,-36,-35,2
5,-38,-35,-36,2
5,-39,-41,-36,2
5,-39,-35,-36,2
5,-38,-35,-32,2
5,-38,-36,-35,2
5,-39,-35,-45,2
5,-39,-31,-36,2
5,-38,-35,-34,2
5,-37,-35,-36,2
5,-37,-39,-35,2
5,-40,-35,-36,2
5,-52,-36,-35,2
5,-41,-35,-35,2
5,-36,-35,-35,2
5,-36,-37,-36,2
5,-37,-35,-35,2
5,-38,-36,-37,2
5,-37,-35,-35,2
5,-38,-35,-36,2
5,-37,-35,-49,2
5,-39,-34,-40,2
5,-37,-35,-35,2
5,-38,-35,-35,2
5,-37,-35,-36,2
5,-36,-37,-35,2
5,-41,-37,-35,2
5,-38,-34,-36,2
5,-38,-36,-36,2
5,-38,-38,-35,2
5,-37,-36,-35,2
5,-37,-34,-36,2
5,-38,-35,-36,2
5,-38,-35,-42,2
5,-38,-35,-32,2
5,-37,-34,-57,2
5,-37,-35,-36,2
5,-37,-35,-36,2
5,-37,-37,-36,2
5,-37,-42,-36,2
5,-39,-32,-36,2
6,-41,-36,-37,2
6,-32,-35,-35,2
6,-41,-35,-35,2
6,-44,-36,-35,2
6,-36,-35,-36,2
6,-38,-38,-36,2
6,-37,-34,-36,2
6,-37,-35,-36,2
6,-38,-35,-36,2
6,-37,-35,-39,2
6,-39,-35,-38,2
6,-37,-34,-31,2
6,-38,-35,-42,2
6,-38,-34,-36,2
6,-37,-35,-35,2
6,-37,-35,-32,2
6,-37,-41,-35,2
6,-40,-36,-36,2
6,-42,-36,-35,2
6,-42,-35,-35,2
6,-37,-37,-36,2
6,-37,-35,-36,2
6,-38,-35,-35,2
6,-38,-35,-36,2
6,-38,-35,-36,2
6,-36,-35,-44,2
6,-38,-35,-33,2
6,-38,-36,-40,2
6,-38,-36,-36,2
6,-37,-35,-36,2
6,-38,-35,-35,2
6,-37,-36,-36,2
6,-40,-37,-36,2
6,-41,-34,-36,2
6,-37,-36,-38,2
6,-37,-37,-36,2
6,-37,-34,-37,2
6,-38,-35,-32,2
6,-38,-35,-47,2
6,-38,-34,-45,2
6,-37,-35,-37,2
6,-37,-32,-36,2
6,-38,-35,-36,2
6,-42,-39,-36,2
6,-42,-35,-36,2
6,-39,-35,-36,2
6,-41,-36,-34,2
6,-42,-35,-37,2
6,-38,-39,-35,2
6,-37,-39,-35,2
6,-37,-32,-36,2
6,-42,-36,-36,2
6,-38,-37,-36,2
6,-37,-36,-36,2
6,-37,-36,-36,2
6,-42,-35,-37,2
6,-42,-37,-37,2
6,-40,-33,-37,2
6,-37,-35,-35,2
6,-37,-41,-36,2
6,-37,-35,-36,2
6,-42,-34,-36,2
6,-38,-35,-36,2
6,-40,-32,-36,2
6,-38,-37,-37,2
6,-38,-34,-36,2
6,-39,-35,-47,2
6,-40,-35,-34,2
6,-38,-36,-44,2
6,-37,-35,-36,2
6,-38,-35,-36,2
